    111111         1111          240          340            0          372
    222222         2222            0          400            0            9
    333333         3333          380          420            1          243
    444444         4444            0          280            0            0
    555555         5555          360          280            0           16
    666666         6666          380          280            0          186
    777777         7777            0          280            0            0
    888888         8888            0          280            1            0
    999999         9999          600          280            0            0
    123456         7965            0          280            0           20
    132425         2131            0          320            0            0
    234154         2133          220          280            0           30
    121324         2134            0          420            0            0
    414567         4325           20          280            0            0
    321514         2314           40          280            0            0
    413554         2131            0          300            0            0
    123123         1234            0          280            0            0
    124124         1234            0          300            0            0
    000000         0000            0          280            0            3
    676767         6767            0          280            0            0
    565656         5656            0          400            0            0
    898989         8989            0          420            0            1
    909091         1234            0          280            0            0
    989790         1212            0          280            0            0
